Camera Matrix:
 [[912.33766234   0.         182.46753247]
 [  0.         896.1038961   89.61038961]
 [  0.           0.           1.        ]]

New Camera Matrix:
 [[802.5974026    0.         200.64935065]
 [  0.         716.88311688  89.61038961]
 [  0.           0.           1.        ]]
Camera Matrix:
 [[857.46753247   0.         191.55844156]
 [  0.         806.49350649  89.61038961]
 [  0.           0.           1.        ]]

New Camera Matrix:
 [[728.57142857   0.         242.85714286]
 [  0.         783.11688312 130.51948052]
 [  0.           0.           1.        ]]
Camera Matrix:
 [[793.01948052   0.         217.20779221]
 [  0.         794.80519481 110.06493506]
 [  0.           0.           1.        ]]

New Camera Matrix:
 [[699.35064935   0.         233.11688312]
 [  0.         771.42857143 128.57142857]
 [  0.           0.           1.        ]]
Camera Matrix:
 [[746.18506494   0.         225.16233766]
 [  0.         783.11688312 119.31818182]
 [  0.           0.           1.        ]]


ret: 5.349635918249589 
mtx: [[1.92997021e+03 0.00000000e+00 2.38835441e+02]
 [0.00000000e+00 2.89389935e+03 2.07677525e+02]
 [0.00000000e+00 0.00000000e+00 1.00000000e+00]]
dist: [[ 7.95883934e+01 -2.10983725e+03  2.83830900e+00 -3.19844503e-01
  -3.27789355e+04]]
rvecs: (array([[-0.0463422 ],
       [ 0.58698205],
       [ 0.05126303]]), array([[-0.17820402],
       [ 0.5951733 ],
       [ 0.15328927]]))
tvecs: (array([[ -6.56992879],
       [-19.62036651],
       [ 58.762169  ]]), array([[ -2.81513228],
       [-20.00836348],
       [ 67.66970626]]))

ret: 2.568987795785561 
mtx: [[600.67611886   0.         238.1171561 ]
 [  0.         650.29534117 291.72792886]
 [  0.           0.           1.        ]]
dist: [[ 3.39090171e+00 -4.34939260e+01  1.46432547e-02 -1.32970498e-01
   1.38939399e+02]]
rvecs: (array([[-0.57612042],
       [ 0.32904385],
       [ 0.09598622]]), array([[-0.80935449],
       [ 0.29874738],
       [ 0.16249955]]), array([[-0.56835809],
       [ 0.50086229],
       [ 0.45401971]]), array([[-0.47324804],
       [ 0.24922234],
       [ 0.05741321]]))
tvecs: (array([[ -6.62968862],
       [-16.08412455],
       [ 58.41244013]]), array([[  6.48832442],
       [-12.12561231],
       [ 46.52403366]]), array([[  7.32912541],
       [-16.3988777 ],
       [ 55.02483433]]), array([[  0.34393531],
       [-14.44772721],
       [ 54.12688781]]))

ret: 2.568987795785561 
mtx: [[600.67611886   0.         238.1171561 ]
 [  0.         650.29534117 291.72792886]
 [  0.           0.           1.        ]]
dist: [[ 3.39090171e+00 -4.34939260e+01  1.46432547e-02 -1.32970498e-01
   1.38939399e+02]]
rvecs: (array([[-0.57612042],
       [ 0.32904385],
       [ 0.09598622]]), array([[-0.80935449],
       [ 0.29874738],
       [ 0.16249955]]), array([[-0.56835809],
       [ 0.50086229],
       [ 0.45401971]]), array([[-0.47324804],
       [ 0.24922234],
       [ 0.05741321]]))
tvecs: (array([[ -6.62968862],
       [-16.08412455],
       [ 58.41244013]]), array([[  6.48832442],
       [-12.12561231],
       [ 46.52403366]]), array([[  7.32912541],
       [-16.3988777 ],
       [ 55.02483433]]), array([[  0.34393531],
       [-14.44772721],
       [ 54.12688781]]))
[19]
rvec: [[[ 2.35112678  0.1149222  -0.0203779 ]]]
tvec: [[[0.03090122 0.06843735 0.31401299]]]
Marker Points: [[[-0.01  0.01  0.  ]]

 [[ 0.01  0.01  0.  ]]

 [[ 0.01 -0.01  0.  ]]

 [[-0.01 -0.01  0.  ]]]
[20]
rvec: [[[-2.6429947   0.15442121 -0.09178854]]]
tvec: [[[0.09722979 0.06976305 0.28779963]]]
Marker Points: [[[-0.01  0.01  0.  ]]

 [[ 0.01  0.01  0.  ]]

 [[ 0.01 -0.01  0.  ]]

 [[-0.01 -0.01  0.  ]]]
[16]
rvec: [[[ 2.29984359  0.07497918 -0.22870763]]]
tvec: [[[0.02376546 0.04748893 0.33950986]]]
Marker Points: [[[-0.01  0.01  0.  ]]

 [[ 0.01  0.01  0.  ]]

 [[ 0.01 -0.01  0.  ]]

 [[-0.01 -0.01  0.  ]]]
[18]
rvec: [[[-2.4743448   0.21567407  0.33401106]]]
tvec: [[[0.10108635 0.04264233 0.27537489]]]
Marker Points: [[[-0.01  0.01  0.  ]]

 [[ 0.01  0.01  0.  ]]

 [[ 0.01 -0.01  0.  ]]

 [[-0.01 -0.01  0.  ]]]
[17]
rvec: [[[ 2.23935837  0.0852694  -0.09850737]]]
tvec: [[[0.05865549 0.04227467 0.2976444 ]]]
Marker Points: [[[-0.01  0.01  0.  ]]

 [[ 0.01  0.01  0.  ]]

 [[ 0.01 -0.01  0.  ]]

 [[-0.01 -0.01  0.  ]]]
[14]
rvec: [[[ 2.30705652  0.07804248 -0.20593829]]]
tvec: [[[0.06506077 0.02383071 0.33740161]]]
Marker Points: [[[-0.01  0.01  0.  ]]

 [[ 0.01  0.01  0.  ]]

 [[ 0.01 -0.01  0.  ]]

 [[-0.01 -0.01  0.  ]]]
[15]
rvec: [[[-2.12639818  0.26763859  0.49114602]]]
tvec: [[[0.07422986 0.01587878 0.21118652]]]
Marker Points: [[[-0.01  0.01  0.  ]]

 [[ 0.01  0.01  0.  ]]

 [[ 0.01 -0.01  0.  ]]

 [[-0.01 -0.01  0.  ]]]
[13]
rvec: [[[ 2.35176515  0.07644051 -0.26454524]]]
tvec: [[[0.02695836 0.02585976 0.35772779]]]
Marker Points: [[[-0.01  0.01  0.  ]]

 [[ 0.01  0.01  0.  ]]

 [[ 0.01 -0.01  0.  ]]

 [[-0.01 -0.01  0.  ]]]
[10]
rvec: [[[ 2.43074709  0.05709127 -0.2308899 ]]]
tvec: [[[0.03092474 0.00302962 0.37882514]]]
Marker Points: [[[-0.01  0.01  0.  ]]

 [[ 0.01  0.01  0.  ]]

 [[ 0.01 -0.01  0.  ]]

 [[-0.01 -0.01  0.  ]]]
[11]
rvec: [[[ 3.88444296 -0.1643339  -0.2973448 ]]]
tvec: [[[0.06888476 0.00265674 0.35956372]]]
Marker Points: [[[-0.01  0.01  0.  ]]

 [[ 0.01  0.01  0.  ]]

 [[ 0.01 -0.01  0.  ]]

 [[-0.01 -0.01  0.  ]]]
[12]
rvec: [[[ 2.01147588  0.17845282 -0.30509106]]]
tvec: [[[0.0712369  0.0005495  0.20971195]]]
Marker Points: [[[-0.01  0.01  0.  ]]

 [[ 0.01  0.01  0.  ]]

 [[ 0.01 -0.01  0.  ]]

 [[-0.01 -0.01  0.  ]]]
[INFO] ArUco marker ID: 19
[[278. 423.]
 [316. 424.]
 [313. 461.]
 [275. 460.]]
(295, 442)
[INFO] ArUco marker ID: 20
[[393. 423.]
 [433. 422.]
 [437. 460.]
 [396. 460.]]
(415, 441)
[INFO] ArUco marker ID: 16
[[264. 371.]
 [299. 371.]
 [297. 404.]
 [260. 404.]]
(280, 387)
[INFO] ArUco marker ID: 18
[[409. 370.]
 [446. 370.]
 [451. 402.]
 [412. 403.]]
(430, 386)
[INFO] ArUco marker ID: 17
[[336. 371.]
 [372. 371.]
 [373. 403.]
 [336. 404.]]
(354, 387)
[INFO] ArUco marker ID: 14
[[336. 325.]
 [370. 325.]
 [371. 354.]
 [336. 354.]]
(353, 339)
[INFO] ArUco marker ID: 15
[[405. 324.]
 [439. 323.]
 [444. 352.]
 [407. 353.]]
(424, 338)
[INFO] ArUco marker ID: 13
[[268. 326.]
 [301. 325.]
 [299. 355.]
 [265. 354.]]
(283, 340)
[INFO] ArUco marker ID: 10
[[272. 284.]
 [303. 284.]
 [302. 310.]
 [270. 311.]]
(287, 297)
[INFO] ArUco marker ID: 11
[[336. 284.]
 [369. 283.]
 [369. 310.]
 [336. 310.]]
(352, 297)
[INFO] ArUco marker ID: 12
[[402. 282.]
 [435. 282.]
 [437. 308.]
 [403. 308.]]
(419, 295)

[[ 2.43074709  0.05709127 -0.2308899   1.        ]
 [-2.4743448   0.21567407  0.33401106  1.        ]
 [ 2.01147588  0.17845282 -0.30509106  1.        ]
 [ 2.29984359  0.07497918 -0.22870763  1.        ]]
[[291  72  10   1]
 [199 -54  10   1]
 [294 -52  10   1]
 [193  74  10   1]]
[[-5.59293930e+03  1.13332859e+03  7.10542736e-14  0.00000000e+00]
 [-4.18980005e+04  7.48862364e+03 -9.09494702e-13 -5.68434189e-14]
 [-3.69650265e+04  7.51550142e+03  5.68434189e-13  1.13686838e-13]
 [ 7.74317971e+03 -1.37511683e+03  1.00000000e+01  1.00000000e+00]]
 


 {'[20]': array([[[0.04888045, 0.09148062, 0.12402982]]]), 
 '[19]': array([[[-0.01193025,  0.08838566,  0.12556833]]]), 
 '[18]': array([[[0.06184643, 0.06304886, 0.11061687]]]), 
 '[17]': array([[[0.01484706, 0.04964583, 0.09164608]]]), 
 '[15]': array([[[0.06523051, 0.03632584, 0.1035448 ]]]), 
 '[14]': array([[[0.01802529, 0.0307902 , 0.10677827]]]), 
 '[13]': array([[[-0.02195804,  0.03207771,  0.13928859]]]), 
 '[12]': array([[[0.05585321, 0.00764487, 0.09042883]]]), 
 '[11]': array([[[0.02293144, 0.00421286, 0.1101422]]]), 
 '[10]': array([[[-0.01721538,  0.0012632 ,  0.1310392 ]]]), 
 '[16]': array([[[-0.02224941,  0.05776922,  0.13159079]]])}

{20: array([[[0.04888045, 0.09148062, 0.12402982]]]), 
19: array([[[-0.01193025,  0.08838566,  0.12556833]]]), 
18: array([[[0.06184643, 0.06304886, 0.11061687]]]), 
17: array([[[0.01484706, 0.04964583, 0.09164608]]]), 
15: array([[[0.06532707, 0.03628157, 0.10382273]]]), 
14: array([[[0.018052  , 0.03092919, 0.10757335]]]), 
13: array([[[-0.02221715,  0.03228272,  0.14029477]]]), 
12: array([[[0.05713511, 0.00672016, 0.09208862]]]), 
11: array([[[0.02253797, 0.00348555, 0.10860747]]]), 
10: array([[[-0.0170234 ,  0.00127501,  0.13091908]]]), 
16: array([[[-0.02224941,  0.05776922,  0.13159079]]])}

{10: [314.6173, 88.1064, 3.3814], 
12: [318.0391, -38.2362, 6.5931], 
16: [216.7835, 80.9594, 7.7376], 
18: [224.7487, -39.7083, 10.0368]}

[[  229.7920632  -1177.28502426     8.64460852]
 [-1711.80828373  -246.95491647    78.56459402]
 [  110.69104359   970.68616215   -55.18432471]
 [  306.2201453    -58.70146321    10.65307101]]

 Marked ID: 10 | X: 315.2049 Y: 78.9547 Z: 6.8778
Marked ID: 12 | X: 319.6445 Y: -46.9138 Z: 10.3238
Marked ID: 16 | X: 220.3526 Y: 82.2923 Z: 9.9082
Marked ID: 18 | X: 224.7487 Y: -39.7083 Z: 10.0368
Robot Coordinate: [[300.05482804  17.11682262   5.00411285]]

Marked ID: 10 | X: 315.2049 Y: 78.9547 Z: 6.8778
Marked ID: 12 | X: 319.6445 Y: -46.9138 Z: 10.3238
Marked ID: 16 | X: 220.3526 Y: 82.2923 Z: 9.9082
Marked ID: 18 | X: 224.7487 Y: -39.7083 Z: 10.0368
Robot Coordinate: [[266.56586111  81.9662857    8.22076484]]

Marked ID: 10 | X: 302.1724 Y: 84.6213 Z: -6.434
Marked ID: 12 | X: 310.4715 Y: -45.5675 Z: -6.434
Marked ID: 16 | X: 207.6384 Y: 77.9072 Z: -4.7268
Marked ID: 18 | X: 215.5458 Y: -50.4907 Z: -4.6806
Robot Coordinate: [[263.07518035  21.30559121  -5.55660353]]
Robot Coordinate: [[302.1724  84.6213  -6.434 ]]

11 --> 300 , 80 , -4
10 --> 300 , 15 , -5
12 --> 300 , -51 , -5
13 --> 259 , 75 , -4
14 --> 260 , 7 , -4
15 --> 259 , -58 , -5
16 --> 213 , 69 , -4
71 --> 212 , 2 , -3
18 --> 213 , -58 , -3 
