
(array([[[ 95., 148.],
        [124., 146.],
        [119., 171.],
        [ 90., 173.]]], dtype=float32), array([[[156., 143.],     
        [186., 142.],
        [182., 166.],
        [152., 168.]]], dtype=float32), array([[[217., 139.],     
        [248., 137.],
        [247., 161.],
        [215., 163.]]], dtype=float32), array([[[103., 112.],     
        [130., 110.],
        [127., 133.],
        [ 97., 135.]]], dtype=float32), array([[[161., 108.],     
        [190., 107.],
        [186., 129.],
        [157., 131.]]], dtype=float32), array([[[220., 104.],     
        [249., 101.],
        [249., 124.],
        [218., 126.]]], dtype=float32), array([[[109.,  79.],     
        [136.,  77.],
        [133.,  98.],
        [105., 100.]]], dtype=float32), array([[[166.,  74.],     
        [194.,  73.],
        [192.,  94.],
        [162.,  96.]]], dtype=float32), array([[[222.,  71.],     
        [251.,  68.],
        [249.,  89.],
        [221.,  92.]]], dtype=float32))
[[16]
 [17]
 [18]
 [13]
 [14]
 [15]
 [10]
 [11]
 [12]]
(array([[[397., 153.],
        [429., 152.],
        [431., 178.],
        [398., 179.]]], dtype=float32), array([[[463., 150.],     
        [497., 149.],
        [501., 175.],
        [467., 177.]]], dtype=float32), array([[[531., 148.],     
        [566., 147.],
        [572., 173.],
        [537., 174.]]], dtype=float32), array([[[396., 114.],     
        [426., 113.],
        [428., 138.],
        [396., 138.]]], dtype=float32), array([[[459., 112.],     
        [491., 112.],
        [494., 135.],
        [461., 136.]]], dtype=float32), array([[[524., 110.],     
        [557., 108.],
        [562., 133.],
        [528., 134.]]], dtype=float32), array([[[393.,  79.],     
        [423.,  78.],
        [424., 101.],
        [394., 101.]]], dtype=float32), array([[[454.,  76.],     
        [486.,  75.],
        [488.,  99.],
        [457.,  99.]]], dtype=float32), array([[[517.,  74.],     
        [549.,  72.],
        [553.,  95.],
        [521.,  97.]]], dtype=float32))
[[16]
 [17]
 [18]
 [13]
 [14]
 [15]
 [10]
 [11]
 [12]]
(array([[[416., 300.],
        [453., 298.],
        [459., 333.],
        [420., 335.]]], dtype=float32), array([[[492., 296.],     
        [530., 293.],
        [539., 329.],
        [499., 331.]]], dtype=float32), array([[[571., 291.],     
        [610., 289.],
        [621., 324.],
        [580., 326.]]], dtype=float32), array([[[410., 250.],     
        [446., 247.],
        [451., 279.],
        [413., 281.]]], dtype=float32), array([[[483., 245.],     
        [520., 244.],
        [527., 275.],
        [489., 277.]]], dtype=float32), array([[[557., 241.],     
        [594., 238.],
        [604., 271.],
        [566., 273.]]], dtype=float32), array([[[405., 203.],     
        [439., 201.],
        [444., 230.],
        [408., 233.]]], dtype=float32), array([[[474., 199.],     
        [510., 196.],
        [517., 226.],
        [480., 229.]]], dtype=float32), array([[[545., 195.],     
        [582., 192.],
        [590., 221.],
        [553., 224.]]], dtype=float32))
[[16]
 [17]
 [18]
 [13]
 [14]
 [15]
 [10]
 [11]
 [12]]
(array([[[211., 258.],
        [246., 255.],
        [245., 286.],
        [209., 289.]]], dtype=float32), array([[[281., 252.],     
        [316., 249.],
        [318., 280.],
        [281., 283.]]], dtype=float32), array([[[148., 218.],     
        [179., 216.],
        [177., 245.],
        [143., 247.]]], dtype=float32), array([[[213., 213.],     
        [246., 211.],
        [245., 239.],
        [212., 241.]]], dtype=float32), array([[[281., 207.],     
        [314., 204.],
        [315., 233.],
        [281., 236.]]], dtype=float32), array([[[152., 176.],     
        [183., 175.],
        [180., 201.],
        [148., 203.]]], dtype=float32), array([[[215., 171.],     
        [247., 168.],
        [247., 195.],
        [214., 198.]]], dtype=float32), array([[[279., 166.],     
        [311., 162.],
        [312., 189.],
        [280., 192.]]], dtype=float32), array([[[142., 264.],     
        [176., 261.],
        [172., 293.],
        [138., 295.]]], dtype=float32))
[[17]
 [18]
 [13]
 [14]
 [15]
 [10]
 [11]
 [12]
 [16]]
(array([[[364., 255.],
        [398., 266.],
        [386., 296.],
        [351., 285.]]], dtype=float32), array([[[299., 234.],     
        [331., 245.],
        [317., 273.],
        [284., 263.]]], dtype=float32), array([[[237., 215.],     
        [267., 224.],
        [252., 252.],
        [222., 242.]]], dtype=float32), array([[[383., 212.],     
        [416., 221.],
        [405., 250.],
        [371., 239.]]], dtype=float32), array([[[320., 193.],     
        [351., 203.],
        [338., 229.],
        [307., 219.]]], dtype=float32), array([[[260., 175.],     
        [289., 183.],
        [275., 210.],
        [246., 200.]]], dtype=float32), array([[[401., 172.],     
        [433., 179.],
        [422., 206.],
        [390., 197.]]], dtype=float32), array([[[339., 154.],     
        [370., 162.],
        [358., 188.],
        [327., 179.]]], dtype=float32), array([[[281., 137.],     
        [309., 145.],
        [296., 170.],
        [268., 161.]]], dtype=float32))
[[18]
 [17]
 [16]
 [15]
 [14]
 [13]
 [12]
 [11]
 [10]]
(array([[[205., 206.],
        [235., 195.],
        [247., 218.],
        [216., 232.]]], dtype=float32), array([[[266., 181.],     
        [296., 169.],
        [309., 192.],
        [278., 205.]]], dtype=float32), array([[[188., 171.],     
        [218., 159.],
        [229., 181.],
        [198., 193.]]], dtype=float32), array([[[326., 156.],     
        [356., 145.],
        [370., 166.],
        [340., 179.]]], dtype=float32), array([[[248., 147.],     
        [277., 136.],
        [289., 156.],
        [259., 168.]]], dtype=float32), array([[[173., 136.],     
        [202., 126.],
        [212., 147.],
        [183., 158.]]], dtype=float32), array([[[306., 124.],     
        [334., 112.],
        [347., 133.],
        [319., 145.]]], dtype=float32), array([[[231., 114.],     
        [259., 103.],
        [270., 124.],
        [241., 135.]]], dtype=float32), array([[[287.,  93.],     
        [314.,  81.],
        [326., 101.],
        [298., 112.]]], dtype=float32))
[[16]
 [17]
 [13]
 [18]
 [14]
 [10]
 [15]
 [11]
 [12]]
(array([[[183., 180.],
        [222., 175.],
        [225., 211.],
        [186., 217.]]], dtype=float32), array([[[261., 169.],     
        [300., 163.],
        [305., 199.],
        [265., 205.]]], dtype=float32), array([[[340., 158.],     
        [380., 153.],
        [387., 187.],
        [346., 193.]]], dtype=float32), array([[[180., 127.],     
        [217., 122.],
        [221., 156.],
        [182., 161.]]], dtype=float32), array([[[332., 107.],     
        [370., 101.],
        [376., 134.],
        [337., 140.]]], dtype=float32), array([[[177.,  78.],     
        [214.,  73.],
        [216., 104.],
        [179., 109.]]], dtype=float32), array([[[250.,  68.],     
        [287.,  62.],
        [292.,  94.],
        [254.,  99.]]], dtype=float32), array([[[324.,  59.],     
        [361.,  54.],
        [366.,  84.],
        [329.,  89.]]], dtype=float32), array([[[256., 117.],     
        [293., 112.],
        [298., 145.],
        [259., 150.]]], dtype=float32))
[[16]
 [17]
 [18]
 [13]
 [15]
 [10]
 [11]
 [12]
 [14]]
(63, 1, 4, 2)
(63, 1)
(7,)


[[[[ 95. 148.]
   [124. 146.]
   [119. 171.]
   [ 90. 173.]]]


 [[[156. 143.]
   [186. 142.]
   [182. 166.]
   [152. 168.]]]


 [[[217. 139.]
   [248. 137.]
   [247. 161.]
   [215. 163.]]]


 [[[103. 112.]
   [130. 110.]
   [127. 133.]
   [ 97. 135.]]]


 [[[161. 108.]
   [190. 107.]
   [186. 129.]
   [157. 131.]]]


 [[[220. 104.]
   [249. 101.]
   [249. 124.]
   [218. 126.]]]


 [[[109.  79.]
   [136.  77.]
   [133.  98.]
   [105. 100.]]]


 [[[166.  74.]
   [194.  73.]
   [192.  94.]
   [162.  96.]]]


 [[[222.  71.]
   [251.  68.]
   [249.  89.]
   [221.  92.]]]


 [[[397. 153.]
   [429. 152.]
   [431. 178.]
   [398. 179.]]]


 [[[463. 150.]
   [497. 149.]
   [501. 175.]
   [467. 177.]]]


 [[[531. 148.]
   [566. 147.]
   [572. 173.]
   [537. 174.]]]


 [[[396. 114.]
   [426. 113.]
   [428. 138.]
   [396. 138.]]]


 [[[459. 112.]
   [491. 112.]
   [494. 135.]
   [461. 136.]]]


 [[[524. 110.]
   [557. 108.]
   [562. 133.]
   [528. 134.]]]


 [[[393.  79.]
   [423.  78.]
   [424. 101.]
   [394. 101.]]]


 [[[454.  76.]
   [486.  75.]
   [488.  99.]
   [457.  99.]]]


 [[[517.  74.]
   [549.  72.]
   [553.  95.]
   [521.  97.]]]


 [[[416. 300.]
   [453. 298.]
   [459. 333.]
   [420. 335.]]]


 [[[492. 296.]
   [530. 293.]
   [539. 329.]
   [499. 331.]]]


 [[[571. 291.]
   [610. 289.]
   [621. 324.]
   [580. 326.]]]


 [[[410. 250.]
   [446. 247.]
   [451. 279.]
   [413. 281.]]]


 [[[483. 245.]
   [520. 244.]
   [527. 275.]
   [489. 277.]]]


 [[[557. 241.]
   [594. 238.]
   [604. 271.]
   [566. 273.]]]


 [[[405. 203.]
   [439. 201.]
   [444. 230.]
   [408. 233.]]]


 [[[474. 199.]
   [510. 196.]
   [517. 226.]
   [480. 229.]]]


 [[[545. 195.]
   [582. 192.]
   [590. 221.]
   [553. 224.]]]


 [[[211. 258.]
   [246. 255.]
   [245. 286.]
   [209. 289.]]]


 [[[281. 252.]
   [316. 249.]
   [318. 280.]
   [281. 283.]]]


 [[[148. 218.]
   [179. 216.]
   [177. 245.]
   [143. 247.]]]


 [[[213. 213.]
   [246. 211.]
   [245. 239.]
   [212. 241.]]]


 [[[281. 207.]
   [314. 204.]
   [315. 233.]
   [281. 236.]]]


 [[[152. 176.]
   [183. 175.]
   [180. 201.]
   [148. 203.]]]


 [[[215. 171.]
   [247. 168.]
   [247. 195.]
   [214. 198.]]]


 [[[279. 166.]
   [311. 162.]
   [312. 189.]
   [280. 192.]]]


 [[[142. 264.]
   [176. 261.]
   [172. 293.]
   [138. 295.]]]


 [[[364. 255.]
   [398. 266.]
   [386. 296.]
   [351. 285.]]]


 [[[299. 234.]
   [331. 245.]
   [317. 273.]
   [284. 263.]]]


 [[[237. 215.]
   [267. 224.]
   [252. 252.]
   [222. 242.]]]


 [[[383. 212.]
   [416. 221.]
   [405. 250.]
   [371. 239.]]]


 [[[320. 193.]
   [351. 203.]
   [338. 229.]
   [307. 219.]]]


 [[[260. 175.]
   [289. 183.]
   [275. 210.]
   [246. 200.]]]


 [[[401. 172.]
   [433. 179.]
   [422. 206.]
   [390. 197.]]]


 [[[339. 154.]
   [370. 162.]
   [358. 188.]
   [327. 179.]]]


 [[[281. 137.]
   [309. 145.]
   [296. 170.]
   [268. 161.]]]


 [[[205. 206.]
   [235. 195.]
   [247. 218.]
   [216. 232.]]]


 [[[266. 181.]
   [296. 169.]
   [309. 192.]
   [278. 205.]]]


 [[[188. 171.]
   [218. 159.]
   [229. 181.]
   [198. 193.]]]


 [[[326. 156.]
   [356. 145.]
   [370. 166.]
   [340. 179.]]]


 [[[248. 147.]
   [277. 136.]
   [289. 156.]
   [259. 168.]]]


 [[[173. 136.]
   [202. 126.]
   [212. 147.]
   [183. 158.]]]


 [[[306. 124.]
   [334. 112.]
   [347. 133.]
   [319. 145.]]]


 [[[231. 114.]
   [259. 103.]
   [270. 124.]
   [241. 135.]]]


 [[[287.  93.]
   [314.  81.]
   [326. 101.]
   [298. 112.]]]


 [[[183. 180.]
   [222. 175.]
   [225. 211.]
   [186. 217.]]]


 [[[261. 169.]
   [300. 163.]
   [305. 199.]
   [265. 205.]]]


 [[[340. 158.]
   [380. 153.]
   [387. 187.]
   [346. 193.]]]


 [[[180. 127.]
   [217. 122.]
   [221. 156.]
   [182. 161.]]]


 [[[332. 107.]
   [370. 101.]
   [376. 134.]
   [337. 140.]]]


 [[[177.  78.]
   [214.  73.]
   [216. 104.]
   [179. 109.]]]


 [[[250.  68.]
   [287.  62.]
   [292.  94.]
   [254.  99.]]]


 [[[324.  59.]
   [361.  54.]
   [366.  84.]


 [[[256. 117.]
   [293. 112.]
   [298. 145.]
   [259. 150.]]]]


#order: [Next, Previous, First_Child, Parent]
h: [[[ 1 -1 -1 -1]
[ 2  0 -1 -1]
[ 3  1 -1 -1]
[ 4  2 -1 -1]
[ 5  3 -1 -1]
[-1  4 -1 -1]]]
int32

Object: Object 1 | X: 159.54135131835938 Y: 322.9833679199219
Object: Object 2 | X: 475.4064636230469 Y: 231.72459411621094
Object: Object 3 | X: 25.5 Y: 230.5
Object: Object 4 | X: 337.95062255859375 Y: 153.50242614746094
Object: Object 5 | X: 56.45473861694336 Y: 47.1135139465332